10110101110001101110111010101001100011010000111000011000101101001110000110010110100000011010111000001011111100111001011110011100
10110100010001101110011010001011111011010101011000011000101101001110000110000100100010011110110001101011111100111000011110011100
10011101010001100010111010001111111011010100100001010000100101001110000110011100110000010010110000101010110100111000111110010100
10110111011001100010011010100111110011010000111001011000101101001110000110010100110000010111110001101010101100111001110110010100
10010111110001101010011010100101111011010001001001011000101101000110000010010100110000010110110000101011101110111000111110010100
10001111110001101010111010100101111011010001001000010000101101000110000110010100100000011111101001101011101100111001110110010100
10010111110001101010011010100011111011010000110001011000101101001110000110010110110000011110100101101011101110111000011111010100
10010101010001100010111010000101101011010000000000011000101101001100000110010100100000011010100001010011111100111000110111011100
10010101010001100010111010001101111011010001001001010000101101000010000010010100100010010011100101001011100100111000011110010100
10010101110001100010011010001111111011010000101001011000101101000110000110010100110000011011111001111011111110111001111111011100
00111111110001100010111010000011111011010101100000011000101101001100000010011100100010011110101100001010111110111001110110010100
10010111011001100110011010001111111011010100110000011000101101001110000110010100110000010011101001001011111100111000010110010100
10010111011001100010011010001101111011010000001000011000100101001110000110100110100010010111100001001011111100111000111110011100
10110111110001101010011010000101111011010000101001011000101101000110000110011110100000011110100001101010111100111000011111011100
00010111010001101010011010001111111011010001000001010000101101001110000110011100100010011110111001001011101100111000110111011100
10111111011001100010011010100111110011010001011001011000101101001110000110010100100010011110100101111011101100111000011111011100
10001101011001100110011010001111101011010000101000011000101101001110000110010110100000011111100001111011101110111001111111011100
00010111010001100010111010001111111011010000111001011000101101000110000110011100110010011111100001111011101100111000111110010100
10110111010001100110011010001001111011010000001000010000101101001100000110111100100010010111111001111011101100111000111110010100
10010101111001100010011010101111111011010100101001011000101101001110000110110100110000010110101001001011110100111000010111011100
10011101110001101010111010000111111011010001100000010000101101000110000110011110100000010110111001001011110100111000111110011100
10111101010001101110111010101101111011010001101000010000101101001110000110010110100000011110100001101011101100111000111110010100
10110111010001100010111010001001111011010000111000011000101101001110000110010110100000011111101001001010111100111000111110011100
10100101111001100010011010001111111011010000110001011000101101001110000110000110100000011111100001100011101100111000111110010100
10100111011001100110011010001001101011010000101001011000101101001110000110010100110010011010100000101011111110111000011111010100
10110110011001101010011010101111111011010000000000011000101101001110000010010110100000011111100001111011101100111000011110011100
10110101010001100010111010000101111011010000110000011000101101001100000110011110100010011111100101001011111100111000111110011100
10111111010001101110011010101001111011010000001000011000101101001100000110010100100010011111101000101011110100111000111111010100
10010100011001101010011010100011111011010000111001010000101101001110000110000100100010010111101000011011111110111000111110011100
10111111010001100010111010001011111011010000011001010000101101001110000110000100100000010110101001001011111100111000011111011100
10110111110001100010111010001111111011010000011001010000101101001100000110010100100000011110110001110011111100111000111111011100
00011110010001100010011010000001111011010000010001011000101101001110000110010110110000011111100101111011111100111001011111011100
10101101110001101010011010001001111011010100011001011000100101001110000110010100100000011010110000101011111110111001111110010100
10001111010001100010011010000101111011010101010001011000101101001110000110001110110010011110111001101011101100111000011110010100
10010111010001100110011010001011111011010000001000011000100101001010000110010110100010011110101001000011101100111000111110011100
10100101010001101010011010000011111011010000101001011000101101001110000110010110100010011111100001011011101100111000111110011100
10101111110001100010111010001001111011010100011000011000101101000100000110001100100000011110100001101011100100111001110111011100
10100111110001101010111010000101101011010000101001011000101101001110000110010110100000011110110000101011111100111000110110010100
10110101010001100010011010001111111011010001011001011000101101000110000110010100100000011111100001100011111100111000111110011100
10111111010001101010111010001111111011010100100001011000101101001000000010010100110000010111100101100011100100111000011111010100
10010110010001100010011010000001111011010000001000011000101101001110000110001100100000011111110001001011100100111000011111011100
10010110010001100010011010000101110011010001100000010000101101000110000110010100110010010011111100101011111100111000011110010100
10111111011001100110111010001011111011010000110000010000101101001110000110000100100000010111100101101011101100111001011110011100
10111110010001101110011010001101100011010100011001010000101101001110000110010110100010011011101001001010100100111001011110011100
10010101010001100110111010000111111011010101001001011000101101001110000010010100110010011110101001011010111110111001010111011100
10010111010001100110011010000111111011010100001001010000101101000110000110011110110010011110110001011010111100111001111110010100
10010111010001100010011010001001111011010000111000010000101101001100000110010100110000011110100001000011101100111000111110011100
10011110011001100010011010100001110011010000101000011000101101001110000110010110100010010111111001001011111100111000111010011100
10010111110001101010011010000101111011010000110001010000101101001110000110110110100000011111101001011011101100111000111111010100
10010101010001100010111010001101111011010001111001010000101101001100000010010100100010011111111001010011111100111001011111011100
10111110010001101010111010000111110011010000111001011000101101000100000110010110100000011111110001001011111100111000011110010100
10010101011001100110011010001011111011010000111000011000100101001000000010010110100010011111100001101011110100111000010110011100
10100111110001101010011010001101110011010000101000011000101101001100000110000100100000010110100001111011101100111000110110011100
10110110111001100010001010001101111011010001000000010000101101001110000110110100110000011110101101111011111100111000111110011100
10011111111001101010011010001111111011010101011001011000101101001110000110010110100010011110111001100011111100111001010110011100
10010111110001100010011010001111111011010000110001011000101101001100000110000110100000011011101000101010101100111101111111011100
10110101010001100010011010000011111011010000111000010000101101001110000110010110100010010111110001101011111100111000111111011100
10001101110001101010011010000111111011010001111000010000101101000110000110010100110000011111100001011011111100111101011110010100
10000101010001100010011010001001111011010100001000011000101101001110000110010100100010010111111001101011111100111000010110011100
10111101010001100010011010100011111011010000101001011000101101001100000010000100110010011111100101111011111110111000111111010100
10100111010001100010111010000101110011010001110000011000101101001110000110010110110010011110110001100011111110111001111111011100
10111101110001100010011010000101110011010000111001011000101101001110000010010100100000011111101001111011101100111000011111010100
10100111110001101010111010000101101011010000010001010000101101001100000110010100100000010011100101101011101100111000010111010100
10110110110001100010111010000111111011010000001001011000101101001110000010010100110010011011101100000011111100111000111110011100
10111101011001101010011010001001111011010101101001010000101101001110000110010100100010011110101001110011110100111000110111011100
00000111010001100010011010001111101011010000000001011000101101000110000010010100100010011111101000011011101100111000011110011100
10010110010001101010011010001111111011010000110001011000101101001110000110011110110010011110100001101011100110111000111111011100
10000111110001100010111010000011111011010001101000011000101101001110000110010100110010010111100001010011110100111000111110011100
10110110110001101010111010101111111011010000101001010000101101001110000010011100100010010110100001111011111100111001011110010100
10110111110001100010011010000111111011010000111000010000101101001100000110010110100000011111100000110011101100111001111110011100
10011111010001100010011010000101111011010001111000010000101101001110000110010100100000011111111001101011111110111000011111011100
10111111010001101010011010000101111011010000111001010000101101000110000110010100110010010011100000101011101100111001111111010100
10111111110001100010111010001101101011010000011001011000101101000110000110010100110010011110101101111011101100111000111111010100
10000111010001100010111010000111111011010000011001010000101101001100000110011100100010011110100101110011101100111000110110011100
10110101010001101010011010001111111011010000000001010000101101001100000110011110100010010111101001010011110110111001010110011100
10010101010001101010011010000011111011010001000000010000101101001110000110010100110000010011110001101011111100111000010110011100
10010110011001101110001010001101111011010000111000010000101101001010000010010110110000010111100000001011101110111000011111011100
10000101010001100010111010001011111011010001101001011000101101001110000110010100100010010110100001101011111100111001110111010100
10110100111001100010011010000011111011010001100000010000101101001100000110010110100010010010110101101011111100111000010111011100
10110111010001100010111010001101101011010001011000011000101101001010000110011100100010011110100001101011100100111000111110011100
10100110110001101010011010001011111011010001010001011000101101001110000010010100100010010111101001100011101110111000011110011100
10110111110001101010111010101111111011010000101001011000101101001010000110010110100000011110101001101010101100111000011110011100
00010111110001100010011010001001111011010000110000011000101101001100000110000100110000010111100001111011111100111000011110011100
10010111010001100110111010000101111011010000110001011000101101001010000110010110110010011010101101011011100100111000011110011100
10110101010001101010011010000001111011010000010001011000101101001100000110010100100010010111100001101011100100111000110110011100
10011101110001101010011010100011110011010000001001011000101101001100000010000100110010011110101001001011110100111000010110011100
10011111010001100010011010000111111011010101110000010000101101001110000110010100100000010010101001111011111100111000111110011100
10010100110001100110011010101101111011010000101001010000100101001110000110000110100010010111100000101010111100111000010110011100
10101101010001100010111010000001111011010001011001010000101101001100000110010110110010011110100001110010111100111001110111011100
10010111010001101110011010000101111011010101110000011000101101001110000110010100100010010111100101101011110100111001111110011100
10011111110001100110011010000011111011010001100000011000101101001100000110010110100010010111110001101010111100111000010110011100
10110100011001100010011010001111111011010001011001011000101101001100000110011110100010010111100001101010111100111001111110011100
10110111110001101010011010001101111011010000001001010000101101001110000110010110100010011111100001010011111100111001110110010100
10010101110001100010011010100111111011010001011000010000101101001110000110000100100010010110110101101011101100111000011110010100
10010111110001100010011010000001101011010001011001010000101101001110000110010110110000010110100001111011101100111000111110011100
10011111010001101010011010000111111011010000100001011000100101001110000110010100100000010111111001100011110100111001011111011100
10010111010001100010101010100001111011010000001000010000101101001110000110010110100010011110100001011011101100111000110111011100
10010110110001101010111010001111101011010000001001011000101101001110000110010100100010011110101101101010111100111001111110010100
10110111010001100010111010000111111011010000111000011000101101001110000010010100100010011111100101001011111100111001111110011100
10010101010001100110011010001101111011010000111001010000101101001110000110010100100000011111100101011011111100111000111111010100
